100
2 4
10 5
3 12
7 7 7
3 12
4 2 1
5 1000000000
25 25 25 25 25
2 2
1 1
5 5
1 1 1 1 1
5 448257424
1 2 3 4 5
5 915742169
18 7 21 11 25
5 423075431
8 8 8 8 8
5 286270693
15 15 15 15 15
5 76156747
16 16 16 16 16
5 678437563
22 22 22 22 22
5 154911577
17 17 17 17 17
5 351708582
13 13 13 13 13
5 869454976
8 8 8 8 8
5 416001173
8 8 8 8 8
5 600732252
15 15 15 15 15
5 461002696
14 14 14 14 14
5 278704406
4 4 4 4 4
5 399365007
4 4 4 4 4
5 995501912
14 14 14 14 14
5 40564505
24 24 24 24 24
5 60322329
24 24 24 24 24
5 150503819
23 23 23 23 23
5 719207576
5 5 5 5 5
5 325365982
20 20 20 20 20
5 431441996
2 2 2 2 2
5 562393838
5 5 5 5 5
5 100919848
6 6 6 6 6
5 121516095
3 3 3 3 3
5 453910834
25 25 25 25 25
5 549657401
2 2 2 2 2
5 938039351
14 14 14 14 14
5 134872366
1 2 3 4 5
5 953255710
1 2 3 4 5
5 690637801
1 2 3 4 5
5 602884218
1 2 3 4 5
5 391389480
1 2 3 4 5
5 361898128
1 2 3 4 5
5 251436719
1 2 3 4 5
5 733167610
1 2 3 4 5
5 924885797
1 2 3 4 5
5 572783837
1 2 3 4 5
5 111968920
1 2 3 4 5
5 288616632
1 2 3 4 5
5 594962077
1 2 3 4 5
5 663571655
1 2 3 4 5
5 161809652
1 2 3 4 5
5 175297468
1 2 3 4 5
5 139121802
1 2 3 4 5
5 718389807
1 2 3 4 5
5 882786159
1 2 3 4 5
5 824083316
1 2 3 4 5
5 278777807
1 2 3 4 5
5 960755978
1 2 3 4 5
5 710691065
1 2 3 4 5
5 245534986
1 2 3 4 5
5 967696857
1 2 3 4 5
5 791875290
13 2 22 8 17
5 274690559
7 9 7 21 15
5 212384288
14 10 4 5 16
5 62459038
16 4 23 13 22
5 162389593
25 10 8 19 12
5 740089330
19 4 14 9 18
5 635012264
19 1 23 9 7
5 41886818
21 16 10 14 7
5 388227296
24 12 16 11 6
5 127521582
7 21 18 6 1
5 945071925
24 11 2 6 13
5 32755863
3 25 19 2 18
5 997699216
24 22 23 14 7
5 885416552
19 19 5 1 20
5 388536379
15 22 22 25 18
5 390545216
5 10 3 14 17
5 698838479
4 3 11 4 10
5 363785628
25 10 22 17 17
5 840596216
8 23 4 11 20
5 960877057
14 2 23 24 14
5 734106632
10 5 10 24 22
5 286254811
1 4 25 23 2
5 414959255
3 19 2 15 20
5 48775498
3 7 18 20 10
5 645013959
14 17 18 7 15
5 785470100
7 13 2 9 21
5 482200485
9 2 22 4 24
5 248389807
15 15 10 14 11
5 915087056
20 16 12 15 22
5 722463643
1 18 24 15 18
5 727500203
4 18 10 23 9
5 772285474
16 7 8 13 7
5 963295217
20 4 1 7 7
5 623198326
21 22 16 5 22
5 884865581
16 11 25 14 12
5 568597499
25 3 15 16 6
5 121882105
15 10 14 15 3
5 659927007
3 9 3 22 22
5 803850174
2 17 1 18 14
5 578446565
14 11 20 17 25
5 757693287
13 4 13 13 4
5 309947130
7 1 8 2 23
