100
5
0 0
10 0
10 10
0 10
5 5
15
-68257 -647519
-40424 -513232
702955 26812
339878 732501
-309977 501072
-774618 -388942
517287 -267746
87877 500473
-650907 484475
847992 -467756
-782542 -479295
-61164 10481
408569 28268
-273684 -308855
15704 -145762
10
693653 327732
-511905 -409524
66674 -775222
-649030 -519224
676135 540908
386285 -831467
604604 -717110
-623950 -499160
917178 -369946
-878725 -702980
15
-849325 -249823
406227 -741815
620335 -161691
68710 459552
-329191 448331
-167698 -465205
454376 375856
833607 -308296
-514252 -741836
159507 -870997
-667874 -96507
452271 -662529
914337 145314
-742431 193086
313846 231234
8
-627443 761883
-627443 602187
-627443 -473278
-627443 732322
-627443 -374208
-627443 -222040
-627443 -150560
-627443 -329445
8
474298 -75465
-152260 130922
151133 752211
-70975 1000000
236027 -83864
-411027 1000000
-25674 -571733
-227574 -289554
14
439352 -552868
-6118 -552868
511599 996957
-553155 -552868
805135 322534
75317 -552868
-65990 560608
811063 870091
-275739 -552868
-819544 706486
229035 787316
-829999 -552868
-910950 126757
-247051 -552868
15
16000 -777408
49973 630622
490198 416848
-511143 98684
413728 260164
303914 475471
377673 -670251
-497050 643786
631005 167871
-345562 -836209
129889 -43634
-439105 -239683
-497439 6738
887798 -750028
-520783 -723258
15
4683 -888312
-422269 -121746
751032 499851
526896 -111054
-836621 66159
-578617 591579
302476 36318
-940929 -346735
57542 -277954
-89795 23347
629319 -663839
-148563 -581152
966850 -415179
-75086 269703
372409 212682
4
194322 -97161
511980 -255990
409134 -204567
-869514 434757
7
1000000 -935861
-360733 -560634
1000000 -651642
138560 -822896
-673035 729539
1000000 -998716
612177 571580
5
919286 -402422
406741 -319423
-811397 -891873
-562357 -4325
-115485 309237
7
-611665 -1000000
-534889 -167765
435019 163505
388829 -1000000
-444919 859022
588956 717681
-61185 901892
15
-971398 -451975
-242101 -158549
-423189 -881269
235290 -95395
865185 -78458
271799 -960419
-132513 54127
840528 314498
348291 -768362
529744 495474
-771781 -629094
287126 -739658
-623948 -948928
-59456 -234398
-325773 879416
11
1000000 697482
1000000 1189
413836 141601
-589154 -178361
923683 312815
245513 -662289
492835 -544185
1000000 -542420
1000000 -174525
-25566 960606
1000000 324402
15
-472050 -652642
-38134 585668
21703 -48776
-549630 856263
-239118 -588949
348923 588232
-195542 -378359
-335860 511368
379406 142572
-715811 45242
307316 -205556
-603037 -838668
243797 -48940
16328 972923
562242 49921
6
-447599 -990153
899284 111497
774476 -206461
-63706 -245848
666538 925402
-578551 516231
14
-210660 615200
653086 -308790
-38357 338597
-8850 -122398
298749 440377
-159026 -116959
839955 520884
-4009 582023
960835 -29413
243228 -262702
189086 -780171
75795 397481
-120087 -809864
431707 -914944
12
116495 -1000000
275720 -1000000
720147 -1000000
744077 -1000000
-95571 -1000000
-922151 -1000000
-194420 -1000000
-153301 -1000000
-536129 -1000000
-417382 -1000000
-404582 -1000000
-937979 -1000000
2
-741387 1000000
-312719 1000000
14
-629778 -54659
546870 -485374
510133 507504
-939933 68592
437078 793366
357009 304786
89412 565882
72018 54830
151264 38526
-158363 -266658
-607483 538330
-692580 -785918
30582 800668
307564 202591
15
-904808 -811337
-68692 865512
-456300 -471535
-357896 981488
-305969 -316338
824507 -99081
930091 -42256
289535 759519
752088 -115800
694819 753701
-576517 573822
597846 162682
309077 -616656
-259130 774623
300809 -768167
12
-796889 917328
720621 55278
-22626 55278
-882535 55278
887114 55278
-720209 676447
-891360 495602
609183 55278
399367 934713
551792 55278
35690 55278
944591 598510
15
-977911 377152
-794926 -761674
593683 545841
941838 -32372
280292 -683620
-388583 -664917
596192 -813980
983415 -526623
-700334 326755
160572 260204
-159829 266659
888947 -821849
29502 678830
411659 720885
-302212 -351074
8
600282 -90253
380410 -380410
915530 -435279
-46470 46470
897810 -897810
342351 655734
909146 -676223
653245 -653245
12
280456 117032
-262926 116856
-55638 24728
-355464 157984
259162 518408
476919 -211964
-994473 441988
323403 55058
-735399 326844
-879994 801691
163809 -72804
267997 163695
15
-543018 -68723
-178159 -845648
849570 -643428
935966 -266356
-181059 925174
832956 -468991
807204 -148453
-170706 -336664
-538351 -176882
467872 936168
-700308 822675
618839 73764
565198 984795
983819 182019
407240 -490222
10
-402304 671484
248574 152581
723110 595433
-122685 496465
797331 -997483
-159510 -1000000
155350 882407
-383077 -259283
198640 -1000000
306881 -547679
1
-399060 67575
3
-881785 -1000000
244707 -1000000
905540 -1000000
11
1000000 -444101
1000000 -660638
1000000 -62091
1000000 -469348
1000000 -72685
1000000 -193557
1000000 -460518
1000000 514891
1000000 59380
1000000 -119058
1000000 536275
14
-115908 -405678
-205194 -718179
-62276 -217966
236158 826553
-241940 -846790
-50396 -176386
-64732 -226562
-200558 -701953
10712 37492
-170914 -598199
238484 834694
68334 239169
63436 222026
147922 517727
15
413685 203584
-841312 30027
-337482 -412218
-199469 -311193
987163 273278
888566 -479887
-424293 -417878
-208874 535648
-644458 -757654
-22744 714318
605467 -519836
-180958 666635
-800668 -35638
721161 2534
-975901 -212568
10
-187110 -62370
-768531 -256177
-375426 -125142
410622 136874
-50295 -16765
774894 258298
86019 28673
-101010 -33670
566292 188764
-292665 -97555
15
-502022 -464586
422852 920301
237980 695458
-452146 104032
-854763 -317464
-533237 335686
528782 -207723
-193390 354524
-166089 -997764
508484 570013
-881336 -494909
906905 763939
-241684 -489296
100034 273529
-795404 159388
6
-372326 542971
-499013 -1000000
-418424 -1000000
-452399 -706061
-150224 -1000000
157121 -1000000
2
798435 722530
-407015 173427
5
690006 30270
-492117 899740
461903 604529
45228 579878
105344 -349677
8
819964 -380029
283975 -791354
-540364 686592
-873980 -306024
428742 360145
-983917 -260607
-727323 650967
-203088 894226
15
-911145 -967601
699388 -238011
-884167 -919636
167232 862770
-995055 -821772
-439479 -102427
-234730 341074
-146211 -490365
-79113 -568669
-619219 673615
562439 150926
-780150 483354
851358 377801
-707145 984189
-256170 384560
6
366314 -603113
776081 -343042
850163 -318755
121590 -982762
44503 -795392
901042 -650960
6
873336 916690
274962 368118
-546485 -925024
711874 -956138
-128961 -539867
-866405 -603024
8
-700325 -1000000
486952 -1000000
-309410 -1000000
-187764 -1000000
-809364 -1000000
172060 -1000000
474294 -1000000
-320387 -1000000
11
-401175 -71802
-394253 -271782
580622 -371632
-555634 49354
559096 -922791
-33448 -990946
-71136 -167728
850818 244966
896135 -319996
295454 -687203
-393866 -388347
15
-706256 -816000
-599594 -624093
-695250 675171
-943311 -710120
-401207 -457269
380257 -786471
-443337 -152577
553744 -175764
-510149 165597
534105 -350361
-718035 -486961
-244370 -672190
863354 -439891
-595149 920499
-563896 533987
15
660459 -987912
845996 510457
980599 -795377
650620 -61695
581122 715833
-625485 914062
-899775 -241126
902100 359836
-720587 765427
974729 190036
587238 -598543
549785 -992457
142000 -430511
-845018 -594482
-199494 -566861
12
-89232 421343
775367 618409
731705 669963
-89232 -893050
-89232 705978
479967 851105
750752 458540
329606 -841855
489166 358481
-89232 -272341
78276 886858
987509 -66360
15
155710 -945049
-54812 -731503
-394459 -935028
-625378 -329446
266934 -635477
286673 187999
-228289 -575401
-582659 -751096
157939 -10173
-977041 -526442
274521 703052
-124515 995382
-592902 -104291
50563 520592
-438216 -85287
15
422055 984795
-230142 -536998
352074 821506
34134 79646
-337929 -788501
-3513 -8197
352569 822661
-408717 -953673
-380232 -887208
257607 601083
415533 969577
-262590 -612710
285591 666379
305364 712516
336303 784707
15
406476 987029
715491 -635203
11179 71492
-867870 894882
-572816 -39256
-787590 -574458
-86840 -448412
-762633 675184
-165520 -642189
-528828 679446
788868 821327
114632 170097
364964 722236
221117 -924896
-14494 -696832
10
-288305 -371880
-352931 557424
-496396 898243
723090 990207
-804870 633539
-262326 479770
600544 -58557
-24695 -993836
457777 -454771
198778 -980821
15
516348 -461599
-504069 -91157
-433162 -496152
-69495 -517867
728834 -930198
5498 -46640
725507 692032
984295 350925
768874 -335895
-447609 -652153
967616 -988825
841638 176942
-704366 -822018
-467263 217703
829006 387942
8
814100 -465200
27447 -15684
148302 -84744
220857 -126204
946446 -333174
631575 -360900
-388521 222012
-33922 19384
9
-544644 46008
-153843 231342
-93454 -233635
298582 746455
258514 646285
164957 489282
307990 769975
-44130 -110325
-742752 -231541
12
449228 -728202
-520754 -370078
693804 -1000000
232034 -1000000
377775 -1000000
426871 -1000000
805392 -1000000
815448 768094
803984 -1000000
-721832 -128380
-771575 -1000000
36443 461255
15
-330705 648178
606328 254057
-758066 951310
-613942 -169261
-666637 -648063
802780 149566
-581874 -170127
-536780 376017
-474982 37432
684095 -637701
-852833 -651807
576149 -679343
600890 -308603
-162029 -556047
335669 -416864
13
845802 -927309
794693 437805
-892514 457264
264353 691980
-591189 -930106
-78287 474463
-776552 -248121
887943 -430086
-801305 162563
708504 239149
962736 -876968
-977619 219836
-831499 720802
8
-916128 -592202
-142609 -938175
167373 986960
233273 -206970
-142928 833226
-229755 890174
192070 -438031
-742433 -209496
8
-364295 147901
254133 -546407
221160 -337851
-364295 -402878
292789 -914878
-364295 -398853
589240 146122
-364295 -785396
15
249133 57110
208008 878243
648752 550472
115529 -172868
-880118 -130314
175781 235443
-260020 -728039
518689 648867
489758 383393
929396 485338
860928 -158499
-739346 978949
-661449 -80717
-864587 564253
-596895 -120229
5
-462078 413867
-893530 -557307
-262837 286338
68040 170100
-345072 -862680
6
34697 370715
26628 220073
850631 -980133
703607 -638560
956891 953064
-261579 -560492
9
301040 618062
-3276 618062
691540 618062
-23138 618062
-839677 618062
481103 618062
-569466 618062
-332888 618062
-585641 618062
6
-640684 781519
252744 781519
-990835 -897117
928684 781519
-772647 781519
-632189 781519
13
175832 -203860
175832 360213
175832 -972024
175832 561026
175832 698644
175832 449723
175832 734456
175832 -658492
175832 826445
175832 -570450
175832 238504
175832 -277750
175832 -712913
15
803354 -520760
-407275 702908
468250 390209
-169194 -903076
-119042 -832963
-138312 -700340
-437107 93085
522297 -305523
-994137 581283
-513283 -290159
-137509 -219285
532997 758780
925501 -943320
858071 -155940
-330985 556523
15
525400 -230566
-950292 -503667
-876816 -925054
-920722 560432
-810379 737533
-153551 -762069
-417002 -497638
-995195 -221936
473438 658076
352355 -706625
-779629 279349
639387 -129502
132208 168425
372345 527861
-115478 -440511
2
550048 -412536
192020 -144015
8
-155528 -170428
-760884 216929
-741266 539707
259549 -459966
-416286 684052
-395444 -600406
403581 -756558
-390665 -448379
12
604472 -889322
748456 299046
515198 789121
444302 23713
130547 -195361
-556190 597173
935458 -398105
-41137 -862722
562800 -571301
332721 -898320
-386412 415229
196685 689383
11
208653 -237834
-856275 -237834
929128 -237834
-684990 -237834
-511676 -237834
376926 -237834
356407 -237834
62871 -237834
-312855 -237834
-442328 -237834
-801332 -237834
4
-188497 -462109
998573 -462109
338561 -462109
-675374 -462109
8
33408 -11136
394308 -131436
924813 -308271
-685800 228600
-263124 87708
-871254 290418
-54189 18063
-957105 319035
8
630006 1000000
-204331 1000000
142726 -622588
-478987 1000000
1379 1000000
817832 1000000
-307278 -751443
-593777 959829
5
76120 60896
-747520 -598016
-845700 -676560
462090 369672
-271745 -217396
4
872544 548797
213648 -160236
-63100 904545
-263084 197313
15
-533601 -96342
-298942 747772
-616077 171451
-634746 628310
116102 794342
203510 -896807
-999926 -271850
810888 -461292
-508149 509621
261566 -338786
200355 657236
-838997 -258952
-884805 -809500
-289031 526361
-979965 247361
13
-387081 659634
-8813 659634
-769991 659634
483046 659634
-132757 659634
617895 -331362
-176030 191157
-306834 353439
347003 8839
-772292 659634
735246 451456
-603812 81406
773878 659634
1
539439 -327620
12
989069 451276
250260 -166840
-887315 717423
322221 -108554
766607 -10898
-80754 53836
611178 -407452
956552 414862
619359 -353450
-217746 145164
45640 439500
87162 -58108
2
292692 -1000000
-359000 -1000000
3
531230 -930291
-612087 -930291
-185443 -930291
15
792305 -352899
891471 318593
782974 -95605
-766588 -48331
-911606 681088
-916229 319595
-307462 756426
-713691 767150
292639 -235611
102749 -801496
-693892 -160849
-155027 119785
856802 -185691
107887 -962968
23658 768796
14
-326778 1000000
-493302 1000000
-392775 1000000
572832 1000000
91262 1000000
26535 1000000
528309 1000000
454095 1000000
-407036 1000000
-702883 1000000
955830 1000000
190748 1000000
-726324 1000000
132099 1000000
13
-161258 331202
-303115 331202
582033 -486548
-652695 331202
134755 331202
719705 331202
-267918 -387403
173648 -147072
-276821 -310471
-534228 -614332
568558 -191260
-247776 331202
641648 -267883
15
-425145 649059
4038 -214458
-414526 631339
-405765 755980
-840735 -806544
626677 -120047
213720 142017
573012 -398734
813044 -363953
-538449 886793
550767 324096
291922 -172969
-979156 189122
706604 -744655
817292 389098
12
152658 -394764
39145 -855283
-199298 33788
-545116 120698
-422358 708777
740011 -512187
83085 -25399
-317545 -733208
-75566 -40127
-967678 -229846
-832660 376923
-918191 -919235
10
-982058 851840
-707017 752070
-420918 532691
637545 967972
-500108 192830
43291 476901
-734203 128579
296603 21320
706560 930615
217664 503004
7
-972607 -833655
717110 524784
213063 -659271
-811311 -443209
913290 359012
-790239 -443933
208635 -75249
9
-691429 330047
-664448 -793988
-788717 476054
-687407 895007
-226844 267094
-841232 749617
861982 629723
-27390 482791
-616134 -728212
15
-859368 -965994
854265 973980
455614 -731701
344820 -669634
-14097 -640366
-328511 -528100
-398699 -981308
-570487 -523094
-118102 -665589
-745932 994628
-745893 -620308
-139420 -803163
894596 279228
-716866 -820228
-786612 -892333
15
202014 -162748
693538 -879398
541633 -176444
-593311 635637
-858136 441355
-797094 136013
476140 137506
365038 66577
-541380 223986
-848563 849890
-935391 136446
882624 263118
-671835 -408127
16351 -344851
597205 346752
15
525473 911011
-541650 772891
826295 -544562
-596202 -774351
-425540 -590965
543636 -952949
-359648 -503855
-721745 -540024
-319019 -935473
442219 900747
-626443 -340790
-984153 522092
327853 -241093
-256886 369270
-678164 88083
5
1000000 -174004
1000000 -42023
1000000 -69762
1000000 -650695
1000000 995779
1
541147 86022
8
923927 629339
268363 674213
-592936 519527
888809 853576
-775209 -831943
537416 -92207
353467 728268
-450683 -841008
9
810321 -709720
182290 -709720
920093 -709720
-205121 -709720
771470 -709720
-209221 -709720
318429 -709720
101435 -709720
-143438 -709720
15
-725007 -806116
-599010 -603279
-358858 -627330
756058 -262470
-142782 243715
568432 -644127
-24681 -781728
525470 407650
307218 -128256
-187616 -101558
-371628 850503
193747 -915155
110126 -903994
-648585 -911473
455007 -418294
1
437172 -218586
9
252228 126114
-61628 -303385
264322 -220795
991029 -408241
-423552 -211776
-431568 -215784
-491773 -398612
542150 -118016
-4732 -958064
