100
5
0 0
10 0
10 10
0 10
5 5
15
56949 995865
423106 -776709
194642 145566
-454920 -945590
-348970 -813960
-270516 466798
-170275 -80136
525448 942511
112635 -1423
101729 -711220
68487 375276
985660 211761
-366066 -339617
427749 -8793
524080 -209215
15
969901 427438
789609 866613
320251 475362
-171742 -282174
-959124 876390
759338 994924
521075 -471164
587086 -869194
-567121 503136
-645116 -948808
187 90351
-134611 229058
440451 -478681
549659 -152180
-223644 -420957
15
463901 -557164
-20713 -856383
-202251 620323
128230 -2473
-934286 748645
188234 33361
428242 -486408
711734 -534931
761196 68094
-520526 -155454
-418450 18682
-190138 319200
536252 49264
346782 180717
-774884 541406
8
1000000 701363
1000000 308051
-50255 -531502
1000000 -890229
1000000 -130517
-55512 727224
-720721 916565
1000000 434756
4
618898 -265242
86702 -37158
785813 -336777
-168315 72135
10
870271 -573472
-525420 973539
-886667 338139
-745360 115473
-351023 -705044
-754801 858067
728520 41512
668756 992399
651730 -736979
737227 236852
11
1000000 -86055
1000000 484857
1000000 -914644
1000000 -135514
1000000 310284
1000000 835691
1000000 40029
1000000 799840
1000000 -608334
1000000 812992
1000000 768573
9
-908311 -769137
-431530 473955
-193770 -387540
-194990 -389980
-411601 966222
-164564 -329128
268156 536312
-595205 712524
-50846 25641
13
183291 -1000000
218757 -1000000
10354 -1000000
885040 -1000000
-819523 -1000000
110298 -1000000
442536 -1000000
-338814 -1000000
600068 -1000000
878719 -1000000
308353 -1000000
-294598 -1000000
-581237 -1000000
15
-548814 -787295
-352040 -445225
769766 637915
504741 793275
570421 -291224
-62510 408634
-529511 330057
-246142 125848
374991 578757
529591 -323401
-81355 760286
-455448 98891
343174 402374
-945996 -357775
-569711 -842845
7
-488250 -146475
840143 -253740
-98200 -29460
407030 122109
-136663 -782179
-844120 -253236
-653066 -962532
15
984673 937619
361700 677069
-69873 9808
-591971 -854200
-236539 422698
887592 -541139
-907839 -832277
692223 -611019
67903 648127
-862225 -239788
866406 140715
918560 -251407
-65100 97138
890480 -62136
649914 597023
3
-148053 361939
-148053 -814591
-148053 -473816
11
-823613 -987571
-105380 -987571
579986 -987571
-903334 -987571
849753 -987571
-822659 -987571
-721871 -987571
-483306 -987571
-728564 -987571
374657 -987571
85030 -987571
13
186549 607025
-708689 964692
249652 -132843
132575 390019
817361 -910058
-756292 909322
-869452 -522292
-161545 95031
52011 814383
-64599 183213
-638552 948972
-657326 993269
637501 -64184
15
-397738 -359050
-953779 385380
-268347 757878
322326 -363385
319457 15630
118898 -623363
745419 -19960
-834550 -956922
15482 3198
-52262 -853493
-621721 126462
-793428 655544
827436 -419971
-320056 -117005
-971691 -506091
8
-868600 325725
-222640 857427
-739168 277188
897541 -29145
-221181 301195
350631 546951
362256 -135846
614534 -176219
12
-462221 959887
-97329 247895
74299 -504920
-728011 -906251
-489614 -251400
-954376 -932156
739508 -888787
-336888 137408
702585 -747854
-511687 -535215
509729 -35884
-587635 50501
8
-680215 76221
-990807 -460224
-832451 -654624
-602567 532924
391950 -112163
349853 -853617
528621 966417
20426 -620256
9
-118303 1000000
129651 1000000
878447 1000000
785567 -887356
-604315 -761105
-547151 457357
-526765 1000000
471240 753678
568843 727130
10
-94104 -999445
186874 645498
-94104 12314
-94104 -153292
653780 700818
489138 -834856
-94104 -873131
-94104 -235089
572108 809451
388965 -627008
1
-667821 484650
15
96709 -117775
-291351 333533
-120951 -217762
67638 -104544
462836 77951
760371 346163
-303359 50358
305494 -883636
-604697 4817
767393 969173
-915111 24479
250195 -566297
699921 300615
-538715 876189
-464977 676712
4
-435555 509992
187968 -245337
137930 509992
19556 -350589
12
-601730 1000000
761871 161122
965558 1000000
-883065 1000000
530111 1000000
803312 -871186
594216 1000000
-436242 1000000
920945 877621
-631233 -66034
-371601 1000000
373916 897195
5
-692440 -553952
680005 544004
-106280 -85024
-268310 -214648
951720 761376
5
-594409 373082
61115 380707
353160 -141264
944110 -377644
-522757 429168
2
210974 -924351
708921 -393616
4
-986367 -809690
-271450 457459
150408 521303
894329 -307167
11
-380302 555609
724780 -362390
516852 -90801
-324560 162280
801140 -400570
-895720 447860
192930 -96465
-708751 816858
948210 -474105
-696840 348420
-30865 460980
15
-994638 449720
488624 -286658
-268436 859502
60484 902026
987117 -216236
566663 -205857
-781674 352276
-911529 713094
-12589 -577159
842789 -609211
-882889 -27063
532374 538181
515063 358697
-331643 321762
-871776 374450
5
114186 310562
545298 441129
-145274 534541
197922 -262532
447584 647182
11
679208 -784665
-25678 -873481
444236 -84319
-346765 -208059
-714345 -428607
-157302 -857923
-240360 -767890
761087 24588
-846695 -508017
-920350 -552210
914295 343721
13
438562 -106695
-773115 -463293
-607724 -446729
630204 771420
-509826 -272960
968158 771420
-446384 736912
-784511 -879926
-454354 771420
374911 771420
-297499 -133899
81 771420
704394 602716
15
251680 -854717
556557 580144
327490 -898909
-128840 183237
-986730 915420
-40384 -147013
-808217 689087
257219 839724
101245 531025
-83578 -930799
816216 -120127
342255 -574604
396861 -720831
-272937 -314699
-206544 940165
12
428843 275184
-123699 275184
-853651 275184
-472445 275184
452917 275184
492095 275184
-236240 275184
409940 275184
677334 275184
-919769 275184
-926618 275184
293525 275184
3
80912 -20228
-449160 112290
-801952 200488
13
-617734 -96118
-64746 -96118
-833261 -96118
-168933 -96118
-234767 -96118
333073 -96118
877198 -96118
250868 -96118
-159461 -96118
-515434 -96118
664602 -96118
-884989 -96118
-609663 -96118
7
1000000 -471821
1000000 -996354
1000000 -585169
1000000 -41141
1000000 907673
1000000 -758942
1000000 138710
15
208453 -636332
-754056 -222157
-255850 882432
-288901 -861129
-442216 -736668
370837 348137
448726 -89562
474371 331887
-252315 -10943
492595 896272
803091 -711058
-98577 507086
707164 -38656
590458 -537386
464850 152458
15
367297 86085
18224 840831
-887454 612656
-716402 -609368
753322 423464
-910103 -764208
978407 -109164
968236 650518
-254312 441621
-291511 164876
570958 30139
-757780 -758948
745286 152119
-911729 160961
-800544 124356
15
151802 -41683
451686 909959
-190844 17094
16051 973472
540715 -362233
-752888 -112543
-233340 242187
-347345 -522271
-576929 675270
452374 27615
-627400 -284828
-805268 742796
-646268 578701
-473729 130512
776342 228616
6
-92898 198128
285342 180688
324703 180688
-557562 180688
779215 180688
-8557 298325
15
485700 31167
-357071 519481
-837542 -808304
-577249 -693619
703903 -5635
569660 -558191
689599 709223
-836038 -166133
-34481 -371172
-172085 -540001
-335100 407686
-538207 -116236
-445246 752224
-150778 856445
291402 -628957
10
866271 -557345
-295081 -45841
-3465 944602
494866 91131
-220870 430519
-233125 222862
-290214 -781749
-580898 325784
-912050 -700562
-494528 164743
10
-22569 -158426
-845638 810935
493798 -985682
456326 9036
-377638 724504
-562867 130909
-266681 -937155
314467 833520
251449 -917115
311770 329443
11
-839191 -880044
464221 -529324
816448 907612
1000000 -764529
613247 -675574
1000000 600672
1000000 665996
949776 -878910
-6107 -968047
493868 -55554
1000000 877997
12
-320880 -513408
305450 488720
102011 627684
36425 58280
-881473 468180
-211255 -338008
-759211 -228297
-48859 732857
-812220 229853
-37240 -59584
330575 528920
478235 765176
2
-608049 958930
347103 -330250
5
494968 -612840
351849 -298297
230034 902665
510251 -360163
-571242 -313263
15
-964816 -580359
-56587 -165965
437809 -30180
797667 -27283
126055 582571
-224129 256644
-258243 432563
966318 810173
-821984 -278124
-158182 62253
-443344 -204887
355569 -246742
813817 -165809
504105 -987628
83203 984596
12
858580 50523
892066 50523
568180 50523
377040 50523
-105332 50523
-384566 50523
-236758 50523
663774 50523
-288143 50523
354947 50523
-619374 50523
899091 50523
15
-892724 -844213
937181 831150
194872 -542171
-610996 -864958
122468 49690
-375536 -903644
663982 -302686
-80482 -121183
18350 550355
-262731 756704
629297 779308
974150 974687
-184132 -655765
185555 -533402
687791 450084
12
989069 451276
250260 -166840
-887315 717423
322221 -108554
766607 -10898
-80754 53836
611178 -407452
956552 414862
619359 -353450
-217746 145164
45640 439500
87162 -58108
4
-64717 -517736
-35530 -284240
-80064 -640512
-38747 -309976
11
-713480 -871045
633636 -871045
-125798 -871045
-881111 -871045
318050 -871045
-97031 -871045
792260 -871045
-806943 -871045
-951112 -871045
-964384 -871045
-383836 -871045
6
-502270 926975
-829196 -589471
226931 -64834
403967 -76212
-711526 -183257
745426 -150170
15
-731362 406645
367266 899776
845659 982915
843116 -277262
292714 210500
62308 -698556
-204819 222484
-935069 -736217
-422427 382948
449876 210277
565288 -91782
-46691 -111635
284341 194394
665949 30856
658693 425463
7
466607 1000000
-409760 1000000
134467 1000000
-454333 1000000
-495814 1000000
-621338 1000000
329098 1000000
15
-182280 465397
-382680 660744
605496 -775172
114431 777660
41742 670264
-189764 -675548
44364 -211818
404941 -505957
-491217 698970
273647 -668137
33214 -873504
344659 -531454
293145 -621823
-873309 -424297
638692 87134
8
-437852 -122257
521848 -122257
938327 -122257
107819 -186947
-680211 -122257
246436 -124160
336604 -122257
399203 -128907
5
-658604 1000000
-820132 1000000
836733 1000000
774729 1000000
883209 1000000
12
245330 -1000000
-690078 617957
-367274 -535711
170828 821941
647767 -1000000
-487490 -1000000
-644898 733859
26221 -4998
48223 -1000000
653822 647458
899651 -194421
451827 -227804
3
60879 634729
992454 393151
-450669 683332
11
30378 122620
-102955 751123
-130888 -262159
-736999 -541772
157513 87748
-896809 715898
174875 -729716
965506 851837
-41431 81695
-931209 499201
-817299 257480
4
-260262 -467911
-260262 597483
-260262 315252
-260262 -506784
15
569368 -997379
-388692 -863332
396541 281399
-583788 -189726
-658967 -664716
56144 489197
107080 459750
910867 913706
144828 33199
-789529 749920
-175589 -765552
-780769 -582637
44170 -993691
108889 545559
960713 -785833
15
359104 -742136
826269 -30010
104197 -195977
331215 532798
992067 -218485
351052 -376089
135991 -929581
816749 993505
-948996 -171953
757426 180100
-173272 986720
-805015 -968155
-721888 78820
-57440 948853
184218 726253
15
-868947 748867
-329080 470011
745152 -579337
546444 497656
-220363 -865914
-885823 977466
-488465 -99140
-338124 -127217
132906 -695765
70157 -985093
-16758 750537
-639062 406949
-899656 306096
-513339 -707868
27604 886395
15
-464104 -30430
249761 -94127
-776137 -817553
153524 169699
379632 -872416
702924 822701
-495258 -189584
805646 -402262
98953 312937
502666 426824
-277698 820084
-65001 354362
128672 -263298
754666 883913
78425 984453
5
980268 -1000000
-836916 -1000000
838719 -1000000
-114997 -1000000
-423754 -1000000
15
261548 -12608
522551 -516160
666908 926560
-162808 -67364
-421165 -305711
934827 819977
-78006 -811178
108608 -413747
168867 638078
-336396 -776331
-300648 -646955
473115 826780
-912604 987408
727833 -255261
589025 -995324
15
-941758 467103
-473025 -46641
444585 19899
995607 49970
828427 -955689
96588 -455476
-354608 -295200
-61241 53317
643104 30314
-593437 820497
869425 910166
920972 295373
-722697 -702881
-491170 -820951
850273 -950647
7
535121 -951744
-531895 -951744
-693748 -951744
-738101 -951744
458709 -951744
556633 -951744
892328 -951744
2
759266 866216
32791 -923094
10
938681 -1000000
635482 -1000000
-872203 328808
232407 275395
562284 -1000000
-629032 -1000000
-679307 -1000000
-535116 67324
986735 -1000000
-98664 -709151
6
-211764 70588
685470 -228490
-70656 23552
-296070 98690
-941094 313698
-518040 172680
7
602484 -255403
816138 -680115
-161969 782341
-383985 867662
-493796 797114
174533 261636
235620 -196350
6
-783843 -414988
-135526 -779383
868261 -672077
10749 -347175
750690 -286516
873188 376948
11
289730 631486
981049 -634899
-246669 522909
433408 -416920
147843 -615236
326656 7448
-856003 112772
777771 -946205
829636 330860
-107068 135531
760283 790561
15
-723441 -18216
-150054 -569921
817578 991508
-705816 -836512
773824 855842
-431952 942382
-648610 -94457
286784 -706539
-752530 -843961
536750 675008
326609 -109921
38961 -509438
-566170 368295
233198 449375
174023 945388
15
-978550 -159506
-680676 -833532
583231 555346
220585 -250550
378237 133773
604282 626164
520157 489747
-737712 716510
-851824 797828
-701970 952773
-87456 167399
-73241 -668459
891835 646130
-29267 717046
476302 -260925
15
-280238 -703593
-478714 265973
-634087 659665
-411314 485143
-705567 745424
947100 -470847
135898 -104081
790750 -222084
663386 705694
-424112 636356
-299247 -884601
687013 -416441
42716 -567924
884542 -284330
-586167 629954
4
-417556 526360
-45330 -1000000
-46640 -330691
-622133 -1000000
9
536052 -1000000
14694 -1000000
-626974 -1000000
556551 -1000000
-962698 -1000000
287283 -1000000
837211 -1000000
193557 -1000000
723831 -1000000
12
593997 -266113
-757519 474016
4803 -61511
408685 -10219
1709 425086
-157035 -105377
-957085 -843985
42967 37037
869040 773082
424457 849481
528016 -320511
923258 740548
8
313808 540329
-689448 -142675
616555 -421734
-455209 789713
-527271 -187406
650637 -519239
-834741 -844892
954376 408422
15
-13326 966546
-195668 463208
-926721 -512142
-400268 618431
-12002 304672
-390432 -692314
925795 -668588
454369 182028
196689 949462
143698 -487655
27566 -791096
-663551 -409370
-440680 -295315
213994 796582
-833604 133462
5
-211887 185524
-757535 -280998
910953 915149
916125 -673480
-861723 -962115
4
-268452 -1000000
-155668 -1000000
855184 -1000000
-996010 -1000000
14
-159475 811273
349010 -580744
-569186 -30033
436430 -829929
-926330 -829929
-271883 -829929
-36512 -760103
-682474 -482253
31306 64124
-930887 -829929
677625 -829929
-728037 300578
710426 -829929
-824343 -750052
1
-206994 -784374
1
215670 61620
8
-961769 -961769
-339032 -339032
148993 148993
450771 450771
245475 245475
-608118 -608118
657212 657212
-819217 -819217
7
-235559 782919
-875970 628312
41309 368855
994425 -222079
331365 628824
-512657 774252
446133 -745051
14
-605534 -1000000
454249 70058
-739415 -732153
-312940 -635476
-424209 340619
-67086 333644
349672 -448820
960670 -1000000
496396 -1000000
-1298 -1000000
756502 -1000000
-531936 311489
127240 -1000000
442216 724795
15
-175006 201648
745302 -402557
-382510 -480643
-983894 -425068
-187410 492584
529855 593098
-430055 -400507
707069 -400433
756509 109807
848372 495253
693382 967932
-646587 -196791
-953877 157765
-789486 754863
-659176 160700
5
47925 -21336
-875207 -556807
-272376 2918
-508438 51318
142660 201272
3
-744752 372376
180726 -90363
485634 -242817
