100
4
10 5 15 5
2
100 100
8
81 81 81 81 81 81 81 0
6
23 90 40 0 100 9
2
0 0
10
100 0 100 0 100 0 100 0 100 0
10
100 100 100 100 100 100 100 100 100 0
5
72 38 45 53 26
6
84 30 55 12 76 72
7
83 56 96 67 22 83 60
8
68 57 22 72 70 7 16 97
9
63 99 21 70 43 85 61 43 85
10
29 94 73 72 98 45 20 83 91 38
10
80 37 87 61 81 74 45 85 18 72
10
92 63 57 12 64 45 53 12 7 67
10
93 48 1 45 18 79 17 93 72 63
10
72 53 4 0 75 77 65 31 41 7
10
33 13 63 71 26 39 42 84 89 15
10
77 0 86 95 33 91 98 17 59 43
10
36 90 71 85 99 11 81 98 22 0
10
33 27 1 80 12 2 75 55 30 73
10
40 15 18 36 2 6 55 4 91 83
10
69 94 9 95 16 95 73 73 36 62
10
39 26 94 9 10 59 99 50 70 90
10
33 67 5 91 1 96 52 11 16 17
10
21 17 52 8 30 45 32 76 27 56
10
5 29 8 67 84 83 19 70 28 57
10
57 6 29 5 2 91 75 65 78 42
10
32 86 91 90 48 55 32 14 82 16
10
0 33 11 13 69 35 60 15 84 99
10
42 54 9 8 18 13 72 3 45 1
10
32 41 26 82 50 29 1 90 69 21
10
56 10 43 66 64 99 55 29 93 86
10
98 39 47 18 26 48 82 18 56 99
10
16 89 72 97 32 45 75 38 13 83
10
44 61 9 99 64 10 96 59 87 1
10
45 18 19 62 95 68 56 55 42 98
10
60 25 91 71 62 8 17 34 36 99
10
47 56 74 35 72 9 54 46 82 59
10
94 37 19 32 88 70 53 51 21 7
10
31 74 34 98 32 97 7 4 98 8
10
39 49 3 60 67 9 81 43 24 58
10
70 40 20 13 32 37 29 98 5 40
10
32 60 93 37 6 14 51 58 84 59
10
81 55 35 21 77 28 56 82 31 66
10
23 45 43 74 86 73 53 99 43 64
10
63 93 18 91 68 70 55 11 82 33
10
11 6 32 11 93 96 47 13 36 98
10
82 74 0 6 0 69 75 90 88 71
10
42 72 63 98 49 24 79 82 64 64
10
73 60 77 56 25 31 38 86 35 87
10
25 35 96 49 28 9 21 91 97 69
10
94 19 69 72 91 35 91 16 75 77
10
55 56 56 6 69 63 8 91 76 79
10
69 80 21 16 64 50 53 8 93 73
10
77 51 92 40 93 17 63 11 36 53
10
28 50 28 72 62 43 40 88 56 19
10
17 98 86 31 29 17 88 89 0 93
10
93 71 3 68 54 74 41 94 53 55
10
22 80 18 65 38 97 62 12 39 36
10
97 91 49 27 21 81 12 80 86 74
10
47 71 99 89 17 99 5 2 14 44
10
35 32 82 11 0 2 2 18 25 31
10
69 15 84 18 85 31 3 52 72 50
10
97 96 18 18 63 8 30 29 87 59
10
61 71 12 36 35 41 29 34 85 8
10
89 77 58 70 54 25 69 62 59 88
10
25 51 33 17 32 55 45 88 69 91
10
43 38 94 49 0 16 27 45 53 27
10
25 26 30 8 37 73 40 16 19 85
10
11 33 65 68 69 41 4 80 49 12
10
27 41 81 54 26 95 37 74 91 55
10
55 53 61 8 7 87 60 67 67 27
10
24 93 10 84 29 9 29 49 59 94
10
73 63 59 56 91 3 35 37 12 5
10
77 1 95 36 39 7 25 93 17 76
10
36 7 3 11 65 36 61 73 29 83
10
83 92 42 39 44 71 16 10 44 53
10
9 14 26 68 19 37 65 6 62 7
10
87 31 13 92 37 29 16 79 77 15
10
54 74 89 88 7 30 59 55 91 9
10
24 40 81 45 88 51 41 57 17 24
10
96 48 79 84 56 83 23 14 64 24
10
7 53 48 54 23 64 34 54 70 86
10
50 67 78 16 49 8 74 14 36 93
10
32 2 89 97 35 20 37 76 91 45
10
2 35 0 6 8 45 74 44 26 70
10
80 76 72 68 61 77 85 79 39 42
10
38 88 66 22 88 30 84 50 85 48
10
93 15 0 20 47 64 79 0 36 13
10
83 94 19 30 82 21 18 28 37 64
10
60 42 63 69 99 63 20 48 50 56
10
63 90 41 15 14 33 57 44 52 25
10
0 49 8 97 6 52 57 52 17 68
10
33 38 88 59 70 42 16 1 44 18
10
37 1 89 18 28 59 85 44 29 88
10
45 17 89 74 37 70 10 83 92 11
10
79 15 53 67 41 59 67 29 19 96
10
3 64 72 45 28 18 6 25 52 63
10
9 16 65 10 51 44 68 1 24 31
