100
5
0 0
10 0
10 10
0 10
5 5
3
472920 -295575
-356624 222890
-838536 524085
8
-719750 143950
578140 -115628
934697 135292
-548390 109678
119480 -23896
-923620 184724
-298623 418985
939080 -187816
15
273018 -407196
403194 914748
-863746 814118
883667 344327
569732 618010
-338701 -509076
-832510 159186
-445707 -27312
-293893 199640
128596 -885292
120103 989055
-647924 -279615
-493450 678220
-656782 -354274
163225 905591
7
-894471 126417
-123504 838082
-685053 -325063
-898796 838082
-810719 543369
-408365 838082
846199 838082
3
105831 740817
-99189 -694323
-86777 -607439
8
738445 846198
159481 31867
-645500 353977
638621 252029
174042 394994
681312 -170328
-986912 988319
418043 778653
4
-260764 -233393
-464144 -233393
962580 -233393
243302 -233393
7
-955941 146437
-319915 -484892
712188 220856
-539907 -756806
-662147 -54821
-480501 945702
973878 -481579
15
-549794 133713
-80196 -203037
847210 494007
599147 977336
3097 290834
-899563 -416059
-903090 590506
336584 133183
96967 88576
654531 -355662
943473 533126
763807 -582931
-218314 112429
-259001 -234499
116793 -228912
2
-38943 977204
-291062 -611778
14
-210212 110866
-533583 393660
179133 -193212
80713 -193212
709976 -193212
944310 66699
-646440 -193212
750531 243210
608923 -193212
-676276 164742
-344960 132423
-513074 -193212
882866 928881
753465 418636
5
979702 777851
174848 777851
-161399 777851
-991514 777851
123516 777851
7
-406620 275575
-239450 -237429
-393339 275575
794455 275575
919920 275575
-860305 -236358
-406997 275575
12
989069 451276
250260 -166840
-887315 717423
322221 -108554
766607 -10898
-80754 53836
611178 -407452
956552 414862
619359 -353450
-217746 145164
45640 439500
87162 -58108
2
-3984 -3984
150303 150303
9
600053 -472204
887524 -637187
880378 -825843
73059 571430
-224001 -1000000
53450 -856443
-581453 -1000000
694691 -1000000
-175526 773790
15
820563 -125682
-608718 591300
-326157 -874898
293542 45912
594549 -199379
979675 217038
-278014 -772342
221901 809514
-687469 914436
859710 -785735
771579 550706
-544700 -276797
-225221 304977
491248 958961
722860 -516435
9
184370 926931
-454922 347254
-854510 -517308
-927101 -575058
440526 815631
-642013 -912768
623869 -185133
81993 189050
677303 765692
15
832281 356066
-76393 -893011
123251 -453329
71219 -106775
-806458 356257
62124 -978629
924145 788818
982259 -728532
-588080 -971402
621650 -259807
928155 -225643
-271702 16302
99003 -179174
-904696 -102375
-928026 -484589
15
-519262 -380414
441672 -602802
937463 -445153
-818288 912745
117326 917898
574337 472188
-2951 224654
-669948 -761153
-106482 -473672
120869 286405
-987409 -328167
995058 284489
886640 -183679
-923349 212744
-257126 133682
10
163296 820569
908850 -260127
163296 325915
163296 921397
163296 -641624
584040 -52267
844554 -365576
163296 210991
163296 941546
163296 -302966
15
-771905 357344
557169 930654
303692 481827
-59473 27128
988989 444464
-549946 672905
162063 974633
-784866 -457202
480417 253797
-228764 -813555
39074 -133606
-409296 -186957
-252011 353497
743397 -504108
-621362 39809
15
-945677 -587273
287730 -498700
-921435 608197
-622001 -769502
216240 63159
283687 145889
6424 210234
-125516 700395
997734 -846278
-909865 453770
-121025 177462
947299 -739884
-305238 37922
-85126 -789775
93822 -973365
15
-272701 -6132
796260 -195130
-603055 125393
-789431 -71200
222035 211195
759758 -12003
-823193 -358382
557800 -364415
437315 717290
929368 -470237
1351 -865729
900930 391439
-999471 -126367
531307 697876
-516685 964458
8
288668 -513428
-174361 -232711
335749 60975
425300 -315873
-753353 -658350
-217016 -108508
441998 -325985
823790 -478014
15
985359 289758
-207881 -347362
524094 869580
86818 -395894
679302 873760
-505089 495587
598573 -146259
144782 -907288
46856 771453
546512 -431619
-907121 945453
-802135 -724170
-418641 641378
-660389 -155211
-137671 716207
15
-713215 880585
-866655 -465078
166632 -208568
255518 -773260
-604039 676432
-715394 145585
-512077 93367
-84449 305514
454757 -176633
-79767 11922
-430553 -211232
-246379 95704
690300 -706827
280402 214735
183624 -226230
15
349723 -945294
-519131 -572052
-109292 -272341
-188828 -492724
-62563 -511562
-232051 -812843
441774 -255532
453942 -685757
-973068 73996
-238964 -15824
-812655 -550459
-316273 911213
695563 -657497
645520 748068
-648527 671227
2
-739361 -978950
707770 -3045
14
-841059 589247
-70929 266432
398322 806909
-60140 393899
-353077 -647391
-115697 740327
410706 95370
70924 -185668
931598 -873285
-383958 642827
-762856 7737
-915805 -934096
796416 -15723
-396944 -94718
9
694624 691104
189175 762164
-964385 97840
348343 -940375
961112 -411180
-362452 -348301
-167325 10156
470196 -847283
-408916 -105074
9
-392349 731245
-743250 168673
-208032 856332
893207 -105701
-962833 360419
802786 -379888
457634 -781993
726709 411761
524777 -525768
14
-949539 347743
833491 -32565
-853629 837384
355778 -129205
970620 -973211
-856702 -371688
808951 93498
-77765 -996600
789062 412757
-825338 -888434
-456237 703242
914990 -522236
533829 -335109
-279727 533192
6
1000000 -11383
1000000 -369287
1000000 304379
1000000 934277
1000000 273315
1000000 140638
15
839879 234046
-919296 -754407
825301 -445546
-481270 -930926
516806 431700
98665 545844
136383 -429660
-858817 -253663
-159095 52923
-329684 -31771
-637066 639748
-830975 470131
289008 -662965
-386781 697833
53080 -612328
15
20550 930877
-374841 -738601
230683 -434306
762689 663454
-719347 143141
239677 -51844
836977 -478212
472275 -202069
437487 -9239
43829 605753
818207 -752275
-285098 -134185
422417 953064
201406 -993479
-373900 847280
7
-421147 -980749
7054 834457
546669 -621481
538995 -713515
-159868 -204024
-667998 -302889
138241 -10281
7
110096 910594
333515 -537588
-303724 1000000
188297 705154
-406778 1000000
329314 -338726
-120733 -722982
15
325272 647754
791414 -550021
134389 67255
896023 906723
-182405 584815
288432 430760
-738409 -866600
664859 -579553
222537 -589129
-138463 -172098
284883 181079
354426 -382407
-771831 267819
215218 -483170
609485 281016
5
-793167 704301
508734 139677
714840 19661
977275 -1000000
201317 808476
8
-295026 -791431
180352 884292
-232781 -115616
958316 722825
960712 -468950
-110813 -957953
585732 -884746
351483 -279198
2
-244340 159653
532362 159653
2
-210862 -22493
-950430 -533907
11
-918570 582352
206728 -869634
-794828 -241287
495934 -489723
-889829 2857
225059 -887722
743098 209166
-145767 537988
750019 74818
197311 988290
-290661 -58966
13
-324520 70562
-655997 794955
537598 -886827
-153926 794955
-425853 420168
332997 794955
-996065 60841
35321 794955
926263 794955
-779024 794955
-744968 -341784
-754465 794955
-313733 -669742
5
-944973 629982
831168 -554112
467247 -311498
-259257 172838
-581109 387406
5
1000000 585181
326943 538651
1000000 -308677
1000000 -908258
1000000 395058
8
985432 -506295
-928503 -506295
-35453 -506295
629739 -506295
-695018 -506295
-339213 -506295
83470 -506295
-535792 -506295
13
705772 431853
-939274 268364
944531 -269866
-267426 240015
923172 -232800
667044 -190584
-67467 823627
63654 374948
70161 -20046
700602 -200172
-228543 184675
812665 -232190
-281232 80352
15
-993862 642831
718793 864594
-941556 -554589
354773 -682755
711794 -618596
-938980 -464473
644670 -369880
463688 -20608
-324867 689482
537050 469626
609243 668960
-583885 -656368
-237523 -530665
-906965 79215
719103 759239
1
645025 798818
10
626226 488753
903913 -467955
-643130 -797892
305561 -273226
-369123 -405775
492074 -783369
-712939 940462
296165 529633
62938 -417372
835981 108063
3
575082 535956
944275 -407022
-623422 -939996
15
-95062 525484
-232727 -30266
598809 -254713
462569 -808059
127345 115564
992788 -397732
721011 -133669
90316 -451439
-571815 786296
108297 -329258
-635620 -406140
-457216 801768
-627774 -524195
787895 236460
-856028 -763021
12
-699956 124411
-592630 -888945
-215549 -225518
-988851 -97419
-597115 -705381
67450 101175
-325357 2106
-796892 315848
-711178 646823
-211588 533981
-500396 -750594
295330 442995
12
407116 421643
-348551 925488
124532 925488
403291 795237
716805 -812430
705658 925488
-871127 -692469
-313689 925488
-168966 925488
871454 925488
364040 -307490
-437556 925488
4
792212 -1000000
750948 -1000000
-554242 -1000000
228899 -1000000
15
-935863 192463
-70686 -81274
489106 726007
-769349 438614
677707 479176
-166935 -876100
259338 188030
950196 160208
-369422 -447683
806790 840537
-665973 -685785
331018 -32855
139650 324295
599585 -994830
-355300 475818
15
-736062 -913601
-261328 625435
390140 117963
-603188 764121
673277 -628532
-779781 -919950
-701980 -294578
-292671 -634238
323766 172125
-788275 -689543
179752 392301
398862 894705
979761 -627365
737240 -244266
997786 -550547
2
-738007 -1000000
-247575 -1000000
10
298137 670352
332545 -546312
298137 -570887
795347 210788
932363 455226
298137 266502
298137 -436311
762426 -884879
298137 973393
298137 701770
11
1000000 -25918
1000000 120263
1000000 924870
1000000 -556870
1000000 -73654
1000000 892901
1000000 662579
1000000 41063
1000000 -213483
1000000 492621
1000000 -74898
7
-425603 -641072
873658 480675
-350995 -343212
52657 -1000000
-208350 -264148
764976 -1000000
544828 -1000000
10
-271955 -677520
-190153 883026
-393989 21037
-97144 147019
280599 816816
-641083 -122995
710957 -540039
-517071 -842155
81897 698882
-783317 403985
15
342550 107353
-401395 -68905
-953792 -393771
-521721 -94023
566221 -497511
-297952 861631
-334597 433313
-83263 -497484
358287 -980320
-990504 -692832
905324 474638
954760 -253341
-462267 791256
978876 -624726
597428 -257264
3
-777611 -683937
-399562 83336
-508327 -82160
15
68745 -583916
4163 926488
593614 409068
-712093 961465
910278 -506020
512795 693883
-906539 -1590
928055 -139976
-197447 435302
-927436 872832
418252 672022
-549459 12642
-579559 598937
-495536 111733
175932 755654
11
-472759 419075
-912403 624128
115077 -1000000
892544 -1000000
-299591 407278
15535 -189897
509255 -1000000
-786715 475313
432612 -1000000
300276 706448
-433071 -422321
4
298965 1000000
-894648 1000000
-922370 1000000
972007 1000000
15
851270 -255381
318580 -95574
892710 -267813
422310 -126693
683970 -205191
67540 -20262
-911430 273429
782780 -234834
890460 -267138
-493320 147996
696890 -209067
-394540 118362
-203170 60951
-545420 163626
-895830 268749
12
325665 -1000000
815256 -1000000
-896983 -1000000
-276759 -1000000
-543060 -1000000
-268157 -1000000
-568791 -1000000
709344 -1000000
40037 -1000000
-893808 -1000000
940354 -1000000
-704475 -1000000
5
591736 199031
424365 199031
922333 199031
556290 199031
263314 199031
15
-295178 94615
987381 -895418
606976 -360215
683979 -597165
-920109 -439629
44406 -696876
-964059 -215460
-890385 -628754
-61913 700624
-555195 421101
-670302 -19604
-649690 -65292
843390 -318044
932736 600800
689660 -572915
6
-882205 -176441
863005 172601
602310 120462
-898210 -179642
627610 125522
-628650 -125730
9
-710204 -794340
614898 204966
-991311 -924025
840261 -130494
-190308 -551069
596997 -36582
-183102 -61034
850128 -933374
571713 190571
6
-298260 -795360
-129126 -344336
-30042 -80112
-357492 -953312
-278086 599803
-87945 -234520
15
323607 -651729
-649038 -237243
-359835 48634
-69241 415433
236751 -696002
-739966 541571
871733 306257
-62584 22930
-288877 595656
-103579 816047
800396 116988
330054 763316
738965 -947986
-701065 616781
845519 124056
4
345465 -360661
-558949 1000000
265391 141351
196354 602859
11
738761 -650566
738761 771070
738761 258391
738761 799631
738761 166324
738761 -346640
738761 -909422
738761 715465
738761 985477
738761 189913
738761 -944495
8
312537 -163813
592491 -352825
-361228 361228
-278877 444325
599287 -352836
329873 -30666
690601 114598
630670 -212322
15
-919681 12410
405355 517702
-208527 -265520
-407030 146169
-179244 -261775
-213583 314444
-935239 957230
-756620 -392644
-227099 -729123
306555 17049
-897913 -721240
-473741 381374
78769 -987371
708000 448110
-975041 875297
1
57452 -1000000
2
-309431 372907
-333369 79567
15
-702171 286634
-702171 246638
-702171 -459
-702171 45373
-702171 564313
-702171 834427
-702171 235827
-702171 -3984
-702171 762241
-702171 575660
-702171 19497
-702171 -798230
-702171 -793860
-702171 -885548
-702171 -348499
9
997402 -332810
863336 -257399
-672720 -798537
-806344 294097
518334 45781
-862655 -150511
-411213 -658320
-16996 101232
811485 -880135
15
-748556 942076
-693250 985962
-547337 696537
-524037 -482027
344744 -214705
35464 50985
-157460 -803304
233910 -874428
815253 121199
958361 497021
-10804 -437476
-446998 -150860
794990 -357898
302 67324
706219 -849296
3
678690 -155216
247646 392436
-576409 666381
5
244167 -370371
-677628 -370371
190060 -370371
640792 -370371
-771614 -370371
10
1000000 -762796
1000000 113425
-416288 204623
-674042 -193288
1000000 -47488
1000000 -393275
584371 875924
1000000 -649900
-639123 -615519
162488 156894
6
737369 1000000
557257 1000000
-727162 1000000
431912 1000000
-500550 1000000
847983 1000000
3
-240012 -381448
698321 -739283
493683 246729
1
-17986 829731
5
-267632 -51870
-992375 -381255
-262966 325257
854116 -473388
-259741 -839126
4
-640412 640412
48960 -48960
-780430 780430
419180 -419180
7
414768 51846
945616 118202
-716192 -89524
614016 76752
-862280 -107785
-728928 -91116
456576 57072
15
908914 294609
-219466 -264101
-6280 -974343
-198420 -748661
-120343 -72269
831034 99550
-77581 -789809
-989580 190463
712319 -236150
978783 -145234
401921 -989014
151685 41834
-357222 -550233
-745246 729246
39589 -137964
12
-141813 -535304
-38815 -535304
-256029 108986
399998 498114
-24808 -186942
802921 111453
-491770 733987
414434 -535304
-563234 -535304
-65096 -535304
742728 495205
-285380 666064
15
764865 -861013
-307207 -376438
282489 -193410
-609422 -698622
-929583 596877
238351 984928
-746860 756921
569777 815376
756965 -864816
-816680 -572168
73690 -462793
35479 280803
-838675 977245
-183224 -155298
452889 -340822
4
-313419 -830015
-64946 946497
-588652 -227477
994459 -174363
