100
1365 83 0.6138392902600145
2471 171 0.7912898049278603
911 89 0.8351503623533308
2139 177 0.8869483760911945
2799 123 0.6587783696987503
2874 131 0.6245475590333761
3000 132 0.9234418745440136
2667 115 0.9469069817807606
1069 105 0.8526875524964972
2369 33 0.7187958257309071
1258 121 0.6693492295408369
2335 115 0.8068770146675946
35 4 0.7488013166774974
41 1 0.6807635623740288
3000 39 0.6214264176481694
1450 88 0.629975111468692
2014 194 0.6089818857707359
2287 189 0.6841751223241345
3000 50 0.987
3000 135 0.5511401553868309
2467 127 0.9997599830690879
673 37 0.6701048397541943
244 11 0.7458434172463387
306 20 0.9216616042132381
1329 89 0.6491800898126
1610 47 0.697238079810116
3000 2462 0.9151227339986332
1137 13 0.6045979283913703
3000 62 0.54049556192781
1660 69 0.7276434923661332
17 2 0.9150140896516434
2589 240 0.6825228484528378
210 1 0.820452316044547
3000 195 0.8184633788266845
2301 213 0.7059960340284681
2005 44 0.8077250250873409
1 2 0.4
848 69 0.6842106542400741
3000 48 0.815240333295067
1076 83 0.7304532287972001
1781 152 0.9664163773412922
10 5 0.1
311 26 0.6976385991843475
225 2 0.6780451225162889
3000 160 0.6579502846146681
1510 37 0.9069248604450721
2 1 0.5
2795 104 0.7164089513456475
1 1 0.4
3000 125 0.919826528587413
1184 27 0.6956822204418869
3000 1757 0.9670775954951097
2443 38 0.839955338879858
35 1 0.6589027160984007
1650 19 0.5949213049477194
10 5 0.9
459 33 0.8071185178965246
1199 61 0.8871619333542162
2972 236 0.9681945885298201
3000 94 0.8689874881448595
3000 6 0.6128288993437406
1428 89 0.8392448715928391
318 8 0.8082362051409613
1304 1 0.8642500034123509
2177 187 0.8059019776620424
2576 21 0.7347687615875376
2 1 0.4
1419 14 0.812037008609856
835 13 0.9117212329043967
3000 148 0.9286954412715177
3000 68 0.883581865722848
3000 835 0.9304641233983514
2110 8 0.5555001429338475
1611 141 0.6335649035944795
2337 130 0.6351210981814717
1605 59 0.9703595563534154
1380 41 0.8561698013807151
2119 172 0.9744914521199695
2112 33 0.8989231569590288
262 24 0.5130756742736771
399 36 0.5532147272347605
348 23 0.8260410685211376
1059 22 0.5108948077060458
2851 220 0.7194430271173835
3000 854 0.9720202238293681
3000 27 0.8186760818824159
1697 165 0.5387704511517171
3000 43 0.8371587587474507
1497 97 0.5899302278475078
2814 234 0.8343831982326997
2252 120 0.7324201975305211
3000 121 0.9980522144494091
1832 60 0.7104413388525446
2671 217 0.6934198783275329
10 12 0.5
391 21 0.990045506730495
3000 1235 0.9966125411381052
1906 53 0.917515869575882
3000 50 0.123
806 56 0.8323959073066151
