50
3
1 2 3
2 3 5
3 5 6
2 3 4
1 2 3
3
1 2 3
2 4 5
3 5 6
1 2 4
4 5 6
9
11 17 23 25 29 32 35 37 38
13 15 21 25 28 30 32 35 38
2 3 4 6 9 10 11 12 13
2 5 8 9 12 13 16 19 20
16 19 22 27 30 31 35 38 40
4 10 14 17 20 21 22 25 28
13 19 26 30 33 38 40 42 45
19 20 25 30 32 34 37 40 42
6 12 16 19 23 25 27 30 33
12 18 25 27 30 35 38 40 43
9 13 17 19 21 24 25 27 30
3 8 11 13 14 15 19 20 21
5 8 10 12 13 15 17 18 19
20 21 28 33 36 37 38 43 45
8 11 14 16 19 20 23 25 26
12 14 20 23 26 27 29 30 33
9 13 19 21 26 28 30 32 36
2
22 222
2 22
2 22
4
51 70 98 129
63 89 98 100
73 87 100 141
39 66 70 87
23 39 63 85
23 42 51 73
42 66 89 108
4
9 13 15 17
3 6 8 9
9 12 13 17
6 8 10 13
3 5 7 9
5 8 10 12
7 10 12 13
4
6 8 11 13
2 4 5 6
4 6 8 10
2 4 5 7
5 8 9 11
7 10 12 13
4 6 7 8
7
8 10 13 16 17 20 21
12 13 17 20 24 25 29
3 5 8 10 13 15 18
3 4 6 9 12 13 15
18 21 22 26 29 31 33
10 12 14 17 20 22 23
15 19 21 23 28 31 33
9 11 16 17 21 23 26
15 17 21 23 25 29 31
13 15 18 21 24 26 28
13 16 20 22 26 29 31
4 7 10 12 15 17 21
5 7 9 11 13 16 19
8
11 16 17 20 24 28 29 31
7 9 10 12 14 17 21 22
19 20 23 26 30 31 35 38
1 4 6 8 9 11 14 17
4 5 8 10 13 16 19 20
17 18 21 25 27 29 33 35
15 17 19 23 26 28 31 34
17 20 22 24 27 34 35 38
10 12 14 15 16 20 22 24
13 16 17 20 22 24 25 27
8 10 12 15 20 23 25 26
1 4 7 10 13 15 17 19
4 5 9 12 16 17 18 20
9 13 14 16 22 26 27 30
6 8 10 14 17 19 21 23
2
6 8
2 6
4 8
3
3 4 5
1 2 3
2 3 4
1 2 3
2 3 4
7
4 5 6 7 8 9 10
6 7 8 9 10 11 12
3 4 5 6 7 8 9
3 4 5 6 7 8 9
5 6 7 8 9 10 11
4 5 6 7 8 9 10
2 3 4 5 6 7 8
1 2 3 4 5 6 7
1 2 3 4 5 6 7
7 8 9 10 11 12 13
5 6 7 8 9 10 11
6 7 8 9 10 11 12
2 3 4 5 6 7 8
2
4 5
4 5
2 4
10
9 12 14 17 18 20 22 24 26 29
5 7 8 9 10 12 14 15 18 20
10 11 13 15 17 18 20 23 24 26
7 10 12 16 17 18 19 22 24 27
5 7 9 12 14 15 17 19 21 22
13 14 15 19 20 22 24 27 28 29
11 14 15 19 21 23 25 27 29 31
15 18 20 22 23 26 27 29 32 34
14 16 17 21 23 24 26 29 30 32
6 8 10 14 16 17 18 20 23 25
1 2 4 5 6 7 9 11 13 15
9 10 11 14 16 17 18 21 22 23
15 17 19 22 25 27 29 31 33 34
4 6 8 10 11 13 14 15 17 19
3 4 6 7 8 10 12 14 16 18
7 8 10 12 14 16 17 19 20 22
1 3 5 7 9 10 11 13 14 15
11 13 14 17 18 19 22 25 26 27
13 16 18 20 22 24 26 28 30 33
2
2 3
4 7
2 4
10
10 19 27 29 33 38 41 42 43 51
20 26 37 39 42 49 53 54 58 59
3 4 5 8 9 10 14 16 20 23
17 20 23 24 29 33 37 41 42 43
27 35 40 44 47 51 53 55 59 63
9 15 23 25 29 34 36 38 41 47
23 30 39 42 43 51 56 58 59 63
4 9 13 16 20 24 26 29 31 35
6 9 12 13 15 19 20 24 26 30
14 20 29 32 37 39 43 46 49 53
3 6 10 13 17 20 22 23 25 27
25 31 37 40 41 43 49 53 58 59
13 16 18 21 25 29 32 34 39 42
5 12 15 18 23 27 30 34 37 40
16 24 33 34 41 45 48 51 53 55
20 24 27 31 34 38 39 45 49 51
10 13 15 19 23 27 29 33 37 39
22 26 30 32 36 41 43 48 53 56
23 29 34 35 38 42 46 51 54 58
4
7 11 15 16
5 8 12 13
5 9 12 15
4 6 9 10
8 10 13 16
1 4 5 7
4 6 8 11
10
12 16 17 21 27 32 34 37 39 46
27 31 37 41 46 54 58 62 65 67
29 34 39 43 47 55 62 66 67 70
3 4 7 12 17 18 20 25 27 29
29 41 44 46 48 51 52 66 67 70
20 21 29 30 39 46 48 49 50 52
8 10 13 17 22 25 29 33 37 39
4 6 10 13 21 25 27 32 37 41
12 13 17 21 25 26 30 35 41 43
21 32 35 37 40 46 49 59 62 66
18 19 25 26 36 41 43 46 48 51
16 21 24 27 32 36 39 42 46 47
26 37 38 39 41 48 50 64 65 67
3 4 8 12 16 18 19 21 26 29
7 11 13 17 24 29 30 35 38 44
25 27 33 35 42 50 54 59 64 66
17 18 22 25 32 37 39 40 41 48
4 6 11 16 18 19 21 27 31 34
18 25 29 32 37 41 46 50 54 55
10
14 17 22 29 30 35 38 41 44 46
3 6 7 8 9 12 15 16 19 20
6 7 13 15 17 21 25 28 31 34
10 13 17 18 22 23 26 27 28 29
18 21 26 31 34 38 39 45 46 47
20 26 29 40 46 47 49 54 59 63
6 7 10 13 15 19 22 23 25 26
27 34 36 41 49 51 54 55 60 63
23 31 33 40 46 50 52 53 57 59
16 23 27 36 41 45 46 50 53 55
7 10 17 21 22 26 27 32 33 36
9 15 22 29 30 34 37 42 46 49
12 19 23 31 35 38 42 46 50 51
3 6 10 12 14 18 20 21 23 27
19 25 28 38 44 46 47 53 57 60
12 15 21 25 29 31 35 36 38 40
21 28 32 38 42 46 49 50 53 54
15 22 26 35 38 39 44 49 52 54
20 25 27 35 37 42 44 46 47 49
3
3 4 5
1 2 3
1 2 3
2 3 4
3 4 5
10
8 10 12 13 17 19 21 23 25 29
8 15 17 20 21 23 24 27 30 33
11 14 16 19 21 26 28 30 31 33
16 18 19 23 24 31 32 34 37 38
2 5 6 7 8 9 11 12 13 16
7 12 13 16 19 20 23 24 27 28
5 7 10 12 14 16 18 20 22 23
9 16 19 23 26 28 31 32 35 38
5 7 10 12 15 16 19 21 23 26
20 23 26 28 33 38 41 43 45 46
18 22 25 27 30 35 37 39 42 43
12 21 23 27 30 32 34 36 39 43
2 5 8 10 11 14 16 17 18 20
17 20 21 24 27 32 34 36 40 42
16 26 29 31 33 36 38 42 43 46
13 23 25 29 31 34 37 40 42 45
14 16 18 20 23 28 29 32 34 36
11 19 21 26 28 29 32 34 37 41
6 10 12 15 16 18 19 21 25 26
10
6 12 15 17 18 24 25 32 33 37
21 23 25 27 40 41 50 52 56 59
12 20 27 30 34 40 41 45 50 51
2 3 5 10 14 17 21 25 28 30
25 28 32 34 42 45 55 58 63 68
17 20 24 26 35 40 45 46 48 53
5 12 15 16 22 27 29 35 39 42
22 32 42 48 50 53 59 68 71 75
5 10 12 13 16 20 23 28 31 34
10 19 22 27 30 35 40 42 45 49
19 30 35 36 37 46 52 58 61 66
10 13 17 22 27 30 32 36 43 48
30 34 37 41 49 51 58 66 70 75
14 16 18 25 30 34 35 37 45 50
28 31 33 38 45 50 56 61 65 71
3 10 12 15 19 20 25 30 31 32
9 15 16 22 25 26 27 34 38 41
2 5 6 9 10 12 14 19 20 22
14 25 29 32 35 45 50 55 56 58
10
12 18 21 22 24 25 27 29 30 31
12 15 18 20 22 24 25 27 30 33
6 9 12 13 14 17 19 22 24 27
9 13 14 16 17 18 19 23 24 25
4 7 11 12 13 16 17 21 22 25
5 7 9 11 12 14 15 17 18 19
2 5 7 9 11 13 15 17 18 20
8 10 14 15 17 18 21 23 25 28
14 17 19 22 24 25 26 29 31 35
13 20 23 25 27 28 30 32 33 35
7 11 12 13 14 17 18 21 22 24
3 5 6 7 9 10 12 13 15 17
3 6 9 10 12 14 16 19 21 23
11 13 17 19 21 23 24 26 29 32
10 12 15 17 18 19 23 24 27 30
10 15 16 17 19 21 23 24 25 26
11 17 19 21 22 23 24 26 27 29
1 2 3 4 6 8 10 11 12 14
1 3 5 6 7 9 10 11 12 13
2
22 222
2 22
22 222
10
11 15 17 19 27 28 31 32 34 35
19 22 25 27 29 34 37 42 45 47
21 23 26 28 30 35 38 45 48 49
4 7 9 11 12 15 16 17 18 20
3 7 9 12 14 16 17 20 22 23
6 12 15 16 17 19 21 22 25 28
8 12 15 17 24 26 27 28 29 30
14 17 21 22 30 34 37 40 42 45
5 11 12 16 21 23 24 25 27 28
12 16 20 23 26 28 31 34 37 40
2 4 5 6 9 12 14 16 19 21
2 3 4 5 8 11 13 14 16 18
4 9 10 15 18 20 21 24 25 26
14 17 21 24 27 31 33 37 40 41
9 14 18 21 24 27 29 30 32 34
18 20 23 28 34 40 41 44 47 49
16 20 24 25 28 32 34 40 41 44
5 9 10 12 15 17 20 21 22 23
13 16 20 21 29 31 33 34 37 38
10
87 120 122 136 159 177 207 224 226 245
52 117 120 160 185 210 224 246 260 281
28 54 73 87 96 100 105 120 143 152
42 71 96 116 125 127 159 183 201 219
62 82 101 111 125 134 175 185 192 198
21 36 42 62 71 80 95 117 124 144
18 42 73 80 101 106 122 129 159 166
94 126 129 139 183 192 224 246 263 282
19 62 87 89 111 120 136 139 164 177
6 16 18 19 42 43 46 52 76 91
91 144 152 190 198 219 245 282 296 313
82 99 106 120 127 158 186 210 211 219
46 95 105 153 175 186 207 224 239 256
76 124 143 182 192 211 226 263 288 299
98 147 159 164 201 203 239 260 288 296
16 36 54 71 82 99 120 126 147 159
44 71 80 89 116 132 153 160 182 190
43 80 100 132 134 158 177 192 203 238
6 21 28 44 62 82 87 94 98 115
10
6 7 8 9 10 11 12 13 14 15
8 9 10 11 12 13 14 15 16 17
2 3 4 5 6 7 8 9 10 11
10 11 12 13 14 15 16 17 18 19
10 11 12 13 14 15 16 17 18 19
5 6 7 8 9 10 11 12 13 14
4 5 6 7 8 9 10 11 12 13
4 5 6 7 8 9 10 11 12 13
3 4 5 6 7 8 9 10 11 12
9 10 11 12 13 14 15 16 17 18
5 6 7 8 9 10 11 12 13 14
3 4 5 6 7 8 9 10 11 12
9 10 11 12 13 14 15 16 17 18
2 3 4 5 6 7 8 9 10 11
7 8 9 10 11 12 13 14 15 16
7 8 9 10 11 12 13 14 15 16
1 2 3 4 5 6 7 8 9 10
1 2 3 4 5 6 7 8 9 10
6 7 8 9 10 11 12 13 14 15
8
6 11 15 17 21 25 29 30
7 10 15 16 18 22 26 30
14 19 22 28 32 35 36 40
10 16 18 25 28 31 35 36
1 2 6 8 10 14 17 19
17 23 26 32 33 37 39 42
1 3 7 8 11 12 15 19
19 27 30 34 38 39 42 43
15 19 29 32 35 36 39 42
3 7 11 13 16 19 23 27
19 22 30 33 36 40 42 43
8 13 16 21 22 29 32 33
12 17 25 29 31 35 37 39
2 7 10 11 13 17 19 22
11 13 21 22 28 32 33 38
7
1 8 15 22 29 36 43
36 37 38 39 40 41 42
1 2 3 4 5 6 7
15 16 17 18 19 20 21
7 14 21 28 35 42 49
4 11 18 25 32 39 46
6 13 20 27 34 41 48
8 9 10 11 12 13 14
29 30 31 32 33 34 35
2 9 16 23 30 37 44
43 44 45 46 47 48 49
5 12 19 26 33 40 47
3 10 17 24 31 38 45
3
10 12 16
5 6 9
5 6 12
7 9 16
4 5 10
7
9 15 19 21 23 25 28
4 9 11 14 17 19 20
7 13 17 20 21 24 27
10 12 15 19 21 23 26
7 11 13 16 20 21 22
1 2 4 7 10 11 14
3 6 9 11 12 13 16
1 3 5 6 7 9 10
5 9 11 13 15 18 21
14 16 21 23 27 28 31
6 11 14 16 19 22 23
10 16 20 22 26 28 31
11 13 18 22 24 25 28
10
4 5 7 9 11 12 13 14 15 16
10 13 16 19 21 22 24 26 28 29
13 15 20 21 24 25 26 29 30 33
11 14 18 20 22 23 25 27 29 31
4 7 10 12 13 15 17 18 21 23
15 17 18 20 23 24 26 27 29 30
19 20 23 25 26 28 29 31 33 35
6 9 12 13 14 17 18 20 23 25
9 11 13 14 17 19 21 22 24 26
13 14 17 18 21 22 24 25 26 29
14 16 21 23 26 28 29 30 32 35
2 4 6 7 9 11 13 15 17 19
9 12 15 17 19 20 22 24 26 28
7 9 12 13 15 17 19 20 21 23
11 12 15 17 19 20 22 23 25 28
17 19 21 23 25 26 28 29 30 32
7 11 14 15 17 19 21 23 25 26
6 8 10 12 14 15 16 18 20 21
2 3 4 6 7 9 10 11 13 14
9
12 14 16 18 20 22 24 26 28
5 7 8 10 12 13 16 17 19
12 13 15 17 18 19 24 25 27
13 16 17 20 22 23 25 27 30
9 10 12 13 15 16 18 20 22
13 14 17 19 20 21 26 27 28
10 11 12 15 16 18 22 23 26
7 9 10 12 14 15 17 19 21
3 5 7 8 10 11 13 14 16
1 3 5 7 9 10 12 13 14
15 16 18 21 22 23 28 30 32
10 12 13 14 16 18 19 21 23
1 3 5 7 9 10 12 13 15
14 18 19 22 24 26 27 28 32
5 7 8 9 11 12 15 17 18
7 8 9 12 13 14 18 20 22
3 5 7 9 10 12 14 16 18
10
11 12 13 14 15 16 17 18 19 20
1 2 3 4 5 6 7 8 9 10
4 14 24 34 44 54 64 74 84 94
3 13 23 33 43 53 63 73 83 93
51 52 53 54 55 56 57 58 59 60
8 18 28 38 48 58 68 78 88 98
7 17 27 37 47 57 67 77 87 97
21 22 23 24 25 26 27 28 29 30
2 12 22 32 42 52 62 72 82 92
6 16 26 36 46 56 66 76 86 96
41 42 43 44 45 46 47 48 49 50
31 32 33 34 35 36 37 38 39 40
9 19 29 39 49 59 69 79 89 99
1 11 21 31 41 51 61 71 81 91
81 82 83 84 85 86 87 88 89 90
10 20 30 40 50 60 70 80 90 100
5 15 25 35 45 55 65 75 85 95
61 62 63 64 65 66 67 68 69 70
71 72 73 74 75 76 77 78 79 80
7
38 81 107 120 144 159 184
30 61 83 106 122 134 146
35 60 106 120 128 132 147
25 45 55 60 82 99 102
26 55 83 107 113 127 143
66 112 127 132 191 194 231
51 99 134 159 189 194 205
5 6 26 35 46 51 60
5 25 30 38 61 66 84
46 82 122 144 166 191 195
6 45 61 81 93 112 133
60 102 146 184 212 231 251
84 133 143 147 195 205 251
7
16 21 23 25 27 30 33
3 7 9 13 17 21 23
1 4 7 10 13 15 16
5 8 10 15 20 24 25
9 13 15 20 22 28 30
2 5 8 12 14 18 21
13 14 17 20 21 22 23
10 12 13 15 18 20 22
12 14 18 22 23 30 33
6 10 13 18 21 26 27
4 5 7 8 10 13 14
1 2 3 5 6 9 12
7 8 9 10 13 15 18
2
4 8
2 4
6 8
7
12 14 15 16 17 19 21
2 4 6 8 10 12 14
8 10 12 14 16 17 19
9 12 14 15 18 19 20
6 8 10 11 12 14 16
2 3 5 7 8 9 11
5 8 10 11 13 15 17
7 9 11 12 14 16 18
11 13 16 18 20 21 22
3 6 8 10 12 14 15
10 12 13 14 16 18 20
4 6 8 9 10 12 13
14 15 17 18 19 20 22
10
1 4 8 12 14 17 20 24 27 28
16 22 25 30 33 39 41 45 49 52
8 11 15 22 25 31 35 36 37 39
14 20 22 24 25 28 30 33 35 36
24 25 27 32 36 39 41 45 48 52
19 26 27 34 35 40 43 48 51 53
27 29 31 33 37 41 43 49 51 54
21 27 30 35 36 43 44 52 54 56
17 22 23 27 31 33 35 39 40 43
5 9 13 18 22 23 25 27 31 34
28 32 34 35 39 45 49 52 53 56
20 23 25 30 35 38 40 41 43 44
12 15 17 24 28 33 38 39 41 45
6 10 14 19 24 27 30 32 33 35
4 6 9 10 11 15 18 22 26 27
13 18 22 26 30 35 40 41 43 49
8 10 13 14 15 17 22 25 27 30
12 16 18 19 22 24 26 30 34 35
3 6 10 16 20 22 23 25 29 32
4
3 4 6 8
6 8 10 12
1 3 5 6
5 6 8 10
5 7 8 10
6 8 10 12
1 3 5 6
2
2 6
2 4
4 8
4
8 10 11 13
2 4 5 9
2 4 5 10
1 2 3 7
3 5 6 11
3 5 6 12
7 9 12 13
2
2 6
2 4
6 8
4
3 7 11 15
2 6 10 14
5 6 7 8
9 10 11 12
13 14 15 16
1 5 9 13
4 8 12 16
2
2 3
3 9
4 9
4
2 3 4 5
3 4 5 6
1 2 3 4
2 3 4 5
3 4 5 6
4 5 6 7
4 5 6 7
10
17 18 20 24 27 28 30 34 36 37
8 10 12 14 16 19 22 23 24 27
21 23 25 32 35 36 38 40 41 46
5 6 8 9 12 15 18 20 23 25
2 3 5 7 9 11 12 15 16 19
20 21 24 30 33 34 35 38 39 43
15 20 23 26 29 32 34 35 38 40
11 15 19 22 23 27 28 31 34 36
3 6 10 14 15 16 18 19 21 23
2 5 8 11 14 15 17 18 20 21
16 23 24 28 32 34 36 38 39 41
19 25 27 29 34 36 37 41 43 46
12 18 22 24 25 29 30 32 35 38
15 16 19 22 24 27 29 32 34 36
18 19 23 27 28 31 32 35 38 41
9 12 16 19 21 24 27 28 33 35
7 9 14 18 19 22 24 27 30 32
14 15 17 19 21 23 25 29 32 34
11 14 16 18 19 22 24 26 28 29
7
5 10 14 17 19 20 31
6 11 15 18 20 21 32
1 2 3 4 5 6 22
6 11 15 18 20 21 33
4 9 13 16 17 18 29
22 25 27 29 31 32 34
2 7 8 9 10 11 24
3 8 12 13 14 15 27
3 8 12 13 14 15 26
4 9 13 16 17 18 28
23 24 26 28 30 33 34
5 10 14 17 19 20 30
2 7 8 9 10 11 25
10
9 17 24 30 35 39 42 44 45 63
9 17 24 30 35 39 42 44 45 62
7 15 22 28 33 37 40 41 42 59
4 12 19 25 26 27 28 29 30 52
7 15 22 28 33 37 40 41 42 58
3 11 18 19 20 21 22 23 24 50
46 49 51 52 54 57 59 61 62 64
1 2 3 4 5 6 7 8 9 47
8 16 23 29 34 38 41 43 44 61
4 12 19 25 26 27 28 29 30 53
6 14 21 27 32 36 37 38 39 56
47 48 50 53 55 56 58 60 63 64
5 13 20 26 31 32 33 34 35 54
3 11 18 19 20 21 22 23 24 51
6 14 21 27 32 36 37 38 39 57
2 10 11 12 13 14 15 16 17 49
8 16 23 29 34 38 41 43 44 60
1 2 3 4 5 6 7 8 9 46
5 13 20 26 31 32 33 34 35 55
3
2 3 4
3 4 5
1 2 3
3 4 5
2 3 4
